col1,col2
0,0